0
1
2
3
4
5
6
7
8
9
10
11
12
13
14
15
16
17
18
19
20
21
22
23
24
25
26
27
28
29
30
31
32
33
34
35
36
37
38
39
40
41
42
43
44
45
46
47
48
49
50
51
52
53
54
55
56
57
58
59
60
61
62
63
64
65
66
67
68
69
70
71
72
73
74
75
76
77
78
79
80
81
82
83
84
85
86
87
88
89
90
91
92
93
94
95
96
97
98
99
100
101
102
103
104
105
106
107
108
109
110
111
112
113
114
115
116
117
118
119
120
121
122
123
124
125
126
127
128
129
130
131
132
133
134
135
136
137
138
139
140
141
142
143
144
145
146
147
148
149
150
151
152
153
154
155
156
157
158
159
160
161
162
163
164
165
166
167
168
169
170
171
172
173
174
175
176
177
178
179
180
181
182
183
184
185
186
187
188
189
190
191
192
193
194
195
196
197
198
199
200
201
202
203
204
205
206
207
208
209
210
211
212
213
214
215
216
217
218
219
220
221
222
223
224
225
226
227
228
229
230
1:b7b359
231
2:b7b359
232
3:b7b359
233
4:b7b359
234
5:b7b359
235
6:b7b359
236
7:b7b359
237
8:b7b359
238
9:b7b359
239
10:b7b359
240
11:b7b359
241
12:b7b359
242
13:b7b359
243
14:b7b359
15:291814
244
16:b7b359
17:291814
245
18:b7b359
246
19:b7b359
247
20:b7b359
248
21:b7b359
249
22:b7b359
250
23:b7b359
251
24:b7b359
252
25:b7b359
253
26:b7b359
254
27:b7b359
255
28:b7b359
256
29:b7b359
257
30:b7b359
258
31:b7b359
259
32:b7b359
260
33:b7b359
261
34:b7b359
262
35:b7b359
263
36:b7b359
264
37:b7b359
265
38:b7b359
266
39:b7b359
267
40:b7b359
268
41:b7b359
269
42:b7b359
270
43:b7b359
271
44:b7b359
272
45:b7b359
273
46:b7b359
274
47:b7b359
275
48:b7b359
276
49:b7b359
277
50:b7b359
278
51:b7b359
279
52:b7b359
280
53:b7b359
281
54:b7b359
282
55:b7b359
283
56:b7b359
284
57:b7b359
285
58:b7b359
286
59:b7b359
287
60:b7b359
288
61:b7b359
289
62:b7b359
290
63:b7b359
291
64:b7b359
292
65:b7b359
293
66:b7b359
294
67:b7b359
295
68:b7b359
296
69:b7b359
297
70:b7b359
298
71:b7b359
299
72:b7b359
300
73:b7b359
301
74:b7b359
302
75:b7b359
303
76:b7b359
304
77:b7b359
305
78:b7b359
306
79:b7b359
307
80:b7b359
308
81:b7b359
309
82:b7b359
310
83:b7b359
311
84:b7b359
312
85:b7b359
313
86:b7b359
314
87:b7b359
315
88:b7b359
316
89:b7b359
317
90:b7b359
318
91:b7b359
319
92:b7b359
320
93:b7b359
321
